A,B,C
73,97,7081
68,36,2448
95,71,6745
27,17,459
564,0,0
79,42,3318
17,321,5457
24,38,912
53,55,2915
87,39,3393
9,88,792
9,2,18
15,,0
15,43,645
73,68,4964
23,9,207
77,88,6776
10,32,320
30,28,840
45,21,945
71,98,6958
61,20,1220
64,82,5248
12,28,336
57,5,285
,0,0
3,12,3c
-12,4949,-59388
55,69,3795
20,89,1780
861,9498,8177778
19,11,209
62,49,3038
8,32,256
2,27,54
59,99,5841
77,69,5313
37,62,2294
38,20,760
98,84,8232
31,8,248
80,78,6240
66,84,5544
99,62,6138
83,64,5312
12,50,600
88,36,3168
156,14,2184
93,64,5952
24,15,360
77,45,3465
-484,6,-2904
46,57,2622
7,43,301
17,52,884
70,72,5040
74,98,7252
33,80,2640
42,81,3402
949,979,929071
81,99,8019
90,71,6390
498,78,38844
798,4897,3907806
23,85,1955
24,10,240
55,57,3135
52,42,2184
9,1,9
4,60,240
11,79,869
16,2,32
74,88,6512
5615,1,5615
80,91,7280
78,14,1092
984,9494,9342096
27,798,21546
48,85,4080
23,798,18354
49,949,46501
57,7,399
64,89,5696
89,59,5251
63,21,1323
45,43,1935
64,96,6144
87,77,6699
85,80,6800
100,92,9200
-21,1,-21
-843,-8417,7095531
27,5,135
17,53,901
35,35,1225
498,949,472602
1,1,1
92,10,920
11,60,660
92,58,5336
93,52,4836
93,19,1767
16,148494,2375904
46,85,3910
2,47,94
984,25,24600
46,49,2254
88,16,1408
77,31,2387
87,11,957
11,96,1056
24,27,648
66,89,5874
70,56,3920
36,489,17604
2,1515,3030
40,79,3160
18,37,666
8519684,84,715653456
101,84,8484
42,57,2394
49,33,1617
15,32,480
6,10,60
10,42,420
52,57,2964
9,1,9
3,84,252
24,78,1872
68,65,4420
75,43,3225
65,65,4225
50,87,4350
265,12,3180
4,5,20
9,71,639
33,47,1551
465,84848,39454320
25,36,900
39,5,195
1,230,230
8,4,32
55,90,4950
91,50,4550
59,41,2419
4,4,16
51,1145,6870a
4964,465,2308260
46,55,2530
76,71,5396
58,33,1914
35,98,3430
85,86,7310
4894,894894,4379611236
91,15,1365
28,11,308
18656,562,10484672
10,69,690
31,52,1612
47,83,3901
54,42,2268
1515,17,25755
39,7,273
100,51,5100
82,4,328
84,81,6804
8,49,392
80,82,6560
31,69,2139
66,61,4026
40,27,1080
494,797,393718
100,52,5200
44,51,2244
98,45,4410
48,43,2064
615,96,59040
39,20,780
25,789,19725
5424,654,3547296
3,515,1545
82,63,5166
69,73,5037
65,32,2080
17,2,34
42,-5616,-235872
52,63,3276
9,99,891
52,46,2392
23,151,3473
6,11,66
46,14,644
22,29,638
10,60,600
72,70,5040
100,11,1100
68,5,340
48,74,3552
12,21,252
61,96,5856
564,101,56964
33,43,1419
15,2,30
42,96,4032
10,50,500
50,20,1000
165,72,11880
57,65,3705
67,96,6432
51,66,3366
6945,56,388920
25,44,1100
45,15,675
2,14,28
-48,-5641,270768
52,61,3172
99,47,4653
60,40,2400
651,646,420546
45,44,1980
32,50,1600
84,24,408b
28,69,1932
30,33,990
43,8,344
0,9879,0
40,68,2720
52,52,2704
51,849,6870a
51,96,4896
1,81,81
67,67,4489
19,84,1596
21,12,252
3,41,123
54,68,3672
52,2,104
87,68,5916
27,30,810
82,51,4182
2,17,34
80,53,4240
50,26,1300
3,52,156
62,75,4650
75,35,2625
88,95,8360
7,59,413
81,32,2592
81,12,972
29,26,754
17,1,17
82,24,1968
21,32,672
70,9,630
73,86,6278
561,29,16269
12,0,0
34,71,2414
62,31,1922
30,9,270
4,79,316
6,949,5694
87,51,4437
2,6556,13112
10,9,90
56,72,4032
10,5,50
14,24,336
9,90,810
43,65,2795
56,24,1344
515,3543,1824645
84,425,35700
59,50,2950
86,61,5246
9547,55,525085
94,100,9400
81,84,6804
6515,41,267115
2,4964,9928
24,70,1680
51,82,4182
1,14,14e
98,48,4704
1,798,798
12,0,0
-89,8494,-755966
27,44,1188
74,10,740
11,97,1067
50,100,5000
88,10,880
28,92,2576
16,89,1424
78,91,7098
2,4964,9928
83,14,1162
494,894,441636
11,8,88
99,45,4455
1,80,80
3825,484,1851300
47,16,752
16,39,624
29,89,2581
45,18,810
19,21,399
55,86,4730
11,64,704
92,63,5796
17,42,714
55,44,2420
96,76,7296
36,83,2988
14,80,1120
85,23,1955
43,42,1806
94,95,8930
29,84,2436
28,22,616
1,9,9
51,25,1275
24,3,72
1,17,17
7,55,385
1,4894,4894
76,15,1140
57,8,456
498,27,13446
72,89,6408
81,41,3321
27,59,1593
12,95,1140
894,5,4470
45,40,1800
65,27,1755
81,74,5994
46,91,4186
50,83,4150
41,62,2542
10,87,870
19,74,1406
85,17,1445
82,29,2378
21,77,1617
52,56,2912
48,12,576
96,90,8640
48,54,2592
48484,156,7563504
865,13,11245
67,98,6566
43,28,1204
79,71,5609
18,29,522
2,21,42
92,46,4232
9,54,486
17,48,816
99,15,1485
10,74,740
24,72,1728
53,57,3021
489,2,978
78,73,5694
99,33,3267
4,202,808
16,75,1200
6,174,1044
46,5,230
5,49874,249370
28,58,1624
100,24,2400
84,94,7896
24,37,888
57,27,1539
6165,465,2866725
5,44,220
31,32,992
40,37,1480
8494,51,433194
49,19,931
984,489,481176
91,33,3003
1,949,949
39,37,1443
185,1,185
47,61,2867
15,64,960
43,100,4300
84,894894,75171096
174,98,17052
252,5,1260
46,58,2668
83,77,6391
76,21,1596
26,25,650
68,53,3604
16,24,384
57,99,5643
45,50,2250
30,68,2040
32,32,1024
30,17,510
49,24,1176
50,97,4850
23,4,92
57,20,1140
53,63,3339
83,39,3237
984,4894,4815696
78,66,5148
4,0,0c
15,25,375
64,34,2176
4,414,1656
3,37,111
38,89,3382
88,13,1144
5,61,305
38,94,3572
585,564,329940
90,38,3420
55,55,3025
-8445,19,-160455
-4845,-8445,40916025
76,28,2128
17,2,34
70,21,1470
53,30,1590
13,77,1001
6,50,300
23,30,690
-151,5616,-848016
33,4,132
63,54,3402
22,26,572
19,94,1786
85,56,4760
39,80,3120
44,17,748
97,57,5529
798,4,3192
22,77,1694
685,9494,6503390
24,50,1200
31,48,1488
498494,18,8972892
49,7,343
15,21,315
82,16,1312
89,21,1869
81,77,6237
9,56,504
45,92,4140
52,35,1820
1,67,67
63,24,1512
9,20,180
24,73,1752
91,52,4732
79,22,1738
74,68,5032
16,41,656
4,32,128
25,27,675
98,49,4802
97,11,1067
24,98,12360a
10,86,860
98,38,3724
50,76,3800
8,141,1128
23,3,69
28,30,840
21,85,1785
2,49,98
12,797,9564
70,64,4480
21,41,861
55,33,1815
44,84,3696
23,49,1127
91,79,7189
12,24,288
8,90,720
29,86,2494
80,61,4880
12,79,948
41,75,3075
58,11,638
41,27,1107
18,494,8892
6,48,288
66,11,726
6666,115,766590
4,27,108
97,35,3395
16,50,800
61,70,4270
8,10,80
69,76,5244
60,16,960
71,93,6603
52,76,3952
22,37,814
6465,9798,63344070
8448,0,0
26,65,1690
88,56,4928
54,6,324
56,4,224
31,21,651
72,97,6984
94,28,2632
28,20,560
494,8,3952
77,34,2618
46,92,4232
89,22,1958
59,33,1947
797,4,3188
45,45,2025
37,81,2997
88,69,6072
88,23,2024
12,87,1044
34,74,2516
91,67,6097
60,56,3360
75,85,6375
-46846,20,-936920
2,2,4
86,55,4730
90,29,2610
11,27,297
81,24,1944
97,24,2328
5,33,165
86,78,6708
58,23,1334
94,53,4982
54,76,4104
59,38,2242
984,491,483144
72,88,6336
12,72,864
87,78,6786
66,7,462
18,48,864
4,87,348
10,55,550
62,50,3100
6,43,258
89,489,43521
28,44,1232
4964,2,9928
3,92,276
46,71,3266
43,93,3999
10,88,880
67,9,603
6,5,30
9459,0,0
34,50,1700
28,96,2688
7,156,1092
56,53,2968
85,64,5440
90,7,630
1,66,66
33,2,66
9494,2,18988
39,53,2067
60,27,1620
23,39,897
80,75,6000
91,30,2730
81,34,2754
57,45,2565
31,18,558
29,79,2291
44,62,2728
9,83,747
4984,515,2566760
31,64,1984
39,98,3822
38,43,1634
81,13,1053
62,52,3224
60,92,5520
73,43,3139
58,81,4698
-48,1651,-79248
10,70,700
68,72,4896
27,75,2025
156,16,2496
23,8,184
55,18,990
15,4,60
54,91,4914
189,20,3780
11,4,44
87,61,5307
23,20,460
949,798,757302
40,49,1960
57,40,2280
2442,15,36630
46,28,1288
89,0,0
82,22,1804
55,22,1210
63,71,4473
9,62,558
24,12,288
29,16,464
36,29,1044
81,1,81
14,24,336
21,65454,1374534
83,29,2407
12,1564,18768
19,0,0
23,59,1357
11,50,550
5,35,175
53,67,3551
8,57,456
93,79,7347
100,31,3100
49,82,4018
25,8,200
30,73,2190
98,17,1666
23,5,115
78,17,1326
7,14,98
47,4,188
4,414,1656
50,96,4800
15,77,1155
10,4949,49490
82,48,3936
5,76,380
19,82,1558
60,7,420
25,71,1775
13,59,767
62,40,2480
73,21,1533
72,25,1800
5646,27,152442
73,23,1679
1,4894,4894
90,63,5670
100,41,4100
5,82,410
57,73,4161
7,76,532
52,20,1040
48,23,1104
26,2,52
36,89,3204
51,3,153
99,49494,4899906
8489,494,4193566
29,39,1131
74,74,5476
57,86,4902
52,26,1352
23,63,1449
46,9498,436908
44,2,88
59,21,1239
51,65,3315
83,100,8300
18,2,36
89,38,3382
77,42,3234
86,24,2064
54,-1,-54
75,74,5550
2,24,48
66,24,1584
74,41,3034
16,515,8240
63,30,1890
54,14,756
38,15,570
98,82,8036
90,22,1980
91,21,1911
19,6,114
15,561,8415
95,3,285
68,3,204
17,1212,20604
74,66,4884
489,498,243522
21,5,105
26,86,2236
4,32,128
0,94,0
23,84,1932
84,21651,1818684
69,82,5658
51,51,2601
84,67,5628
59,84,4956
51,84,4284
1515,17,25755
4,6,24
84,83,6972
93,96,8928
21,15,315
85,77,6545
2,17,34
45,37,1665
47,34,1598
43,5,215
46,39,1794
85,49,4165
73,79,5767
56,100,5600
46,86,3956
-256156,-54,13832424
38,75,2850
75,96,7200
88,12,1056
15,99,1485
25,79,1975
58,6,348
92,7,644
12,-5616,-67392
#,28,#VALUE!
78,7,546
62,66,4092
9,8,72
3,70,210
23,17,391
33,5,165
58,88,5104
93,100,9300
73,50,3650
20,25,500
49,1,49
95,61,5795
79,56,4424
77,52,4004
32,8,256
4,36,144
26,40,1040
1,454,454
22,43,946
894,24,21456
79,32,2528
97,90,8730
37,99,3663
10,33,330
44,41,1804
91,60,5460
55,1,55
79,76,6004
12,55,660
17,13,221
48,38,1824
-59,-949649,56029291
73,49,3577
73,13,949
494,20,9880
89,30,2670
47,62,2914
88,68,5984
12,42,504
3,165,495
489,949,464061
84,70,5880
31,83,2573
14,99,1386
12,24,288
19,12,228
85,82,6970
59,11,649
44,100,4400
92,91,8372
41,82,3362
84,7489,629076
26,61,1586
70,45,3150
798,12,9576
24,32,768
69,35,2415
1,14,14e
69,58,4002
81,35,2835
59,52,3068
12,62,744
34,81,2754
5,1,5
18,36,648
83,86,7138
11,48,528
63,13,819
984,514,505776
10,61,610
86,89,7654
9,47,423
17,45,765
65,61,3965
61,64,3904
97,77,7469
29,77,2233
48,14,672
94,5,470
2,22,44
54,75,4050
36,88,3168
88,80,7040
77,93,7161
-5641,4984,-28114744
32,29,928
38,3,114
21,24,504
20,98,1960
21,494,10374
39,92,3588
23,66,1518
97,84,8148
49,32,1568
21,93,1953
82,47,3854
7,86,602
2,14,28
514,7,3598
75,53,3975
38,86,3268
8,16,128
87,100,8700
548,6546,3587208
46,97,4462
88,40,3520
88,5,440
25,44,1100
33,6,198
40,46,1840
96,89,8544
1,55,55
7,35,245
58,37,2146
71,73,5183
86,85,7310
224,65456,14662144
78,84,6552
10,71,710
99,14,1386
42,79,3318
73,80,5840
63,58,3654
798,49,39102
320,6584,2106880
85,65,5525
70,16,1120
25,23,575
45,47,2115
93,31,2883
66,54,3564
8,650,5200
27,73,1971
22,99,2178
948,49,46452
84,165,13860
919,49,45031
891,798,711018
50,19,950
48,15,720
84,74987,6298908
89,57,5073
76,73,5548
93,51,4743
94,42,3948
14,15,210
25,23,575
78,15,1170
27,93,2511
949,29,27521
76,49,3724
17,44,748
648,24,15552
11,8,88
54,99,5346
49,57,2793
798,798,636804
3,64,192
77,79,6083
17,27,459
98,77,7546
665,12,7980
84,1851,155484
22,86,1892
79,54,4266
61,12,732
86,45,3870
68,20,1360
79,3,237
498494,6,2990964
69,37,2553
1,657,657
31,38,1178
86,75,6450
60,10,600
18,30,540
948,985,933780
61,90,5490
7,78,546
70,60,4200
1,73,73
64,61,3904
22,20,440
88,65,5720
69,94,6486
36,76,2736
1516,25,37900
59,24,1416
53443,-3,-160329
1,89,89
47,87,4089
76,99,7524
14,6,84
52,98,5096
1,7,7
1,1,1a
230,4,920
43,50,2150
40,69,2760
659,561,369699
5,6,30
39,9,351
26,56,1456
4165,2,8330
36,43,1548
86,18,1548
5,1,5
43,45,1935
45,32,1440
19,93,1767
57,84,4788
17,14,238
95,88,8360
30,47,1410
45,49,2205
56,23,1288
1564,949,1484236
6574,651,4279674
36,52,1872
68,45,3060
5151,1,5151
6,39,234
59,8,472
100,94,9400
91,91,8281
99,81,8019
20,1,20
165,465,76725
1,40,40
19,17,323
45,87,3915
14,26,364
36,19,684
9494,8489,80594566
69,24,1656
24,61,1464
39,43,1677
22,98,2156
35,60,2100
52,7,364
62,55,3410
90,80,7200
984,0,0
30,93,2790
80,20,1600
57,28,1596
98,91,8918
19,85,1615
49849,24,1196376
27,76,2052
10,81,810
3,11,33
2,3543,7086
15,2,30
35,31,1085
1,17,17
6,53,318
21,55,1155
43,35,1505
92,89,8188
46,48484,2230264
10,6,60
9,13,117
489,56,27384
9,232,2088
96,80,7680
33,28,924
22,71,1562
78,57,4446
4,25,100a
22,38,836
16,148494,2375904
68,57,3876
91,5,455
5,80,400
5,12,60
13,95,1235
23,77,1771
22,895,19690
12,894894,10738728
21,8654,181734
8,1,8
16,26,416
31,20,620
18,73,1314
89,85,7565
69,66,4554
61,91,5551
66,76,5016
489,0,0
9,12,108
70,22,1540
64,97,6208
24,27,648
57,93,5301
21,83,1743
12,54,648
61,41,2501
56,81,4536
35,72,2520
71,29,2059
22,65,1430
7,49,343
85,84,7140
43,97,4171
100,74,7400
984,98,96432
84,56,4704
6,15,90
989,89,88021
89,4,356
94,51,4794
58,77,4466
15,67,1005
78,82,6396
54,59,3186
49,81,3969
87,75,6525
51,17,867
894,91589,81880566
53,90,4770
12,84,1008
8,43,344
97,100,9700
98,18,1764
87,86,7482
21,87,1827
19,19,361
81,94,7614
4,44,176
11,85,935
84,25,2100
76,16,1216
95,54,5130
59,96,5664
88,98,8624
26,82,2132
11,21,231
6,85,510
14,68,952
26,10,260
99,40,3960
73,58,4234
29,2,58
56,63,3528
484,984,476256
74,31,2294
16,65,1040
28,71,1988
71,52,3692
46,90,4140
12,24,288
2,31,62
81,47,3807
32,89,2848
74,30,2220
272,798,217056
96,17,1632
7,97,679
516,-54,-27864
46,25,1150
72,13,936
27,62,1674
8,141,1128
49,28,1372
61,51,3111
45,98,4410
21,465,9765
27,40,1080
24,36,864
69,38,2622
80,54,4320
82,67,5494
7,44,308
11,78,858
79,53,4187
16,54,864
66,19,1254
70,2,140
25,5,125
81,81,6561
49,897,43953
39,42,1638
984,7,6888
72,11,792
35,91,3185
14,4154,58156
7,32,224
14,63,882
3,8,24
42,15,630
86,14,1204
9,8,72
16,24,384
4,88,352
80,2,160
10,52,520
56,-9,-504
4,26,416e
4,17,68
20,8,160
12,9,108
52,91,4732
9,32,288
44,3,132
31,68,2108
9,50,450
14,23,322
95,81,7695
30,87,2610
31,41,1271
5,9,45
5,72,360
29,40,1160
45,39,1755
48,91,4368
69,2,138
494,20,9880
31,10,310
46,100,4600
52,13,676
86,29,2494
561,13,7293
5,465,2325
29,88,2552
90,44,3960
75,80,6000
58,99,5742
63,39,2457
7,61,427
77,25,1925
11,92,1012
29,91,2639
6,87,522
73,46,3358
13,60,780
64,49,3136
100,71,7100
61,47,2867
64,21,1344
8548,45,384660
498,49,24402
9849,100,984900
654,1212,792648
18,88,1584
13,51,663
73,40,2920
74,39,2886
89,71,6319
46,22,1012
97,51,4947
865,13,11245
28,91,2548
45,89,4005
37,38,1406
73,76,5548
38534,21,809214
40,17,680
41,78,3198
58,84,4872
44,61,2684
50,52,2600
49874,75161,3748579714
53,36,1908
85,1,85
66,2,132
494,48,23712
45,96,4320
13,46,598
74,44,3256
40,59,2360
82,75,6150
12,15,180
96,88,8448
58,46,2668
67,71,4757
55,41,2255
66,77,5082
56,10,560
17,24,408
38,6,228
4,100,400
2,38,76
27,37,999
5,94,470
53,13,689
6,27,162
95,84,7980
94,69,6486
41,54,2214
66,85,5610
2,78,156
21,465,9765
76,34,2584
9,984,8856
80,32,2560
33,59,1947
85,47,3995
21,465,9765
5,14,70
96,9,864
77,60,4620
12,92,1104
12,100,1200
92,43,3956
33,46,1518
32,74,2368
31,55,1705
89,9,801
31,67,2077
82,52,4264
69,9,621
10,43,430
19,24,456
52,73,3796
13,11,143
50,77,3850
11,1,11
67,37,2479
2,45,90
47,50,2350
498,24,11952
48,70,3360
70,81,5670
83,71,5893
26,47,1222
22,4894,107668
5,797,3985
32,6,192
80,33,2640
62,6,372
89,34,3026
20,4,80
51,75,3825
87,6,522
45,94,4230
6,67,402
36,54,1944
28,2,56
22,36,792
77,56,4312
12,42,504
38,10,380
57,57,3249
18,0,0
2,6,12
8,4,32
36,51,1836
25,99,2475
93,66,6138
33,54,1782
6,19,114
141,14,1974
4,4,16
23,97,2231
63,36,2268
94,73,6862
17,42,714
57,24,1368
80,31,2480
36,57,2052
78,78,6084
45,60,2700
100,19,1900
24,90,2160
6,8,48
86,22,1892
84,16,1344
56,27,1512
3,58,174
13,88,1144
25,41,1025
43,62,2666
43,46,1978
49,949,46501
1,55,55
45,61,2745
15,6546,98190
2,41,82
45,64964,2923380
43,55,2365
61,41,2501
71,67,4757
73,33,2409
32,69,2208
32,59,1888
63,70,4410
24,494,11856
561,966,541926
66,27,1782
25,22,550
70,68,4760
40,6,240
1,97,97
18,72,1296
85,5,425
85,92,7820
35,51,1785
50,38,1900
100,66,6600
74,73,5402
16,22,352
12,5,60
33,9,297
2,8494,16988
41,14,574
83,6,498
59,40,2360
65,37,2405
41,94,3854
92,1,92
88,11,968
55,29,1595
54,46,2484
-843,-8417,7095531
100,97,9700
4,23,92
8494,998,8477012
53,8,424
92,49,4508
78,51,120a
44,65,2860
99,100,9900
66,96,6336
16,44,704
19,40,760
49,8,392
99,77,7623
90,98,8820
98,66,6468
4,1,4
19,79,1501
15,76,1140
35,65,2275
5,465,2325
4,46,184
78,62,4836
98,24,2352
465,-949649,-441586785
1,16,16
5,49874,249370
24,798,19152
46,15,690
77,38,2926
45,9,405
23,28,644
11,7,77
65,42,2730
26,59,1534
874,789,689586
84,82,6888
65,21,1365
96,33,3168
74,60,4440
80,1,80
47,30,1410
8,54,432
67,20,1340
44,1,44
73,51,3723
79,88,6952
65,36,2340
17,38,646
80,95,7600
19,34,646
46,36,1656
32,60,1920
-1,15,-15
17,31,527
19,50,950
10,7,70
59,12,708
99,39,3861
52,30,1560
851616,6541,5570420256
141,14,1974
25,2,50
70,59,4130
4,83,332
65,87,5655
66,32,2112
69,83,5727
46,1,46
58,5,290
19,9494,180386
39,23,897
82,17,1394
4,34,136
598,61,36478
75,39,2925
67,34,2278
67,55,3685
25,72,1800
74,15,1110
87,26,2262
91,25,2275
1,78,78
2,43,86
19,44,836
4,797,3188
87,30,2610
62,28,1736
61,88,5368
65,88,5720
80,14,1120
24,20,480
13,76,988
41,9,369
12,24,408b
67,1,67
19,48,912
95,12,1140
81,37,2997
31,79,2449
51,55,2805
40,25,1000
82,78,6396
6,47,282
3825,-21,-80325
78,24,1872
77,100,7700
53,78,4134
35,53,1855
27,8,216
100,27,2700
73,27,1971
8,45,360
83,80,6640
47,96,4512
63,52,3276
69,23,1587
11,29,319
55,93,5115
13,79,1027
16,99,1584
42,77,3234
50,99,4950
81,83,6723
59,83,4897
64,40,2560
91,4,364
615,4,2460
50,13,650
50,73,3650
2,23,46
52,8,416
36,86,3096
100,63,6300
84,64,5376
35,27,945
95,20,1900
98,32,3136
87,47,4089
2,23,46
20,30,600
7,0,0
37,95,3515
8949,51,456399
13,66,858
69,3,207
6,30,180
45,30,1350
64,93,5952
94,99,9306
22,23,506
14,74,1036
80,73,5840
19,8,152
83,38,3154
99,3,297
40,72,2880
89,93,8277
64,30,1920
20,29,580
35,17,595
66,49,3234
16,1,16
3,71,213
90,3,270
265,4561,1208665
98,25,2450
919,49,45031
49,25,1225
95,32,3040
56,78,4368
89,18,1602
92,17,1564
27,7,189
42,1,42
89,1,89
19,42,798
10,8,80
89,20,1780
52,69,3588
52,21,1092
29,17,493
5,3,15
49,14,686
87,4,348
97,27,2619
32,66,2112
93,26,2418
23,4,92
95,56,5320
21,75,1575
89,50,4450
80,7,560
92,29,2668
78,13,1014
8,64964,519712
100,20,2000
83,55,4565
78,9489,740142
4,4,100a
31,96,2976
30,35,1050
53,80,4240
38,84,3192
16,73,1168
38,33,1254
89,37,3293
13,41,533
54,-1,-54
494,9494,4690036
80,17,1360
8494,1231,10456114
97,55,5335
88,59,5192
54,32,1728
68,29,1972
81,80,6480
39,74,2886
984,25,24600
8,55,440
93,53,4929
84848,849,72035952
85,74,6290
26,94,2444
7,36,252
76,89,6764
83,65,5395
45,84,3780
43,52,2236
88,41,3608
69,79,5451
36,92,3312
51,47,2397
12,894894,10738728
98,76,7448
67,63,4221
6,44,264
5,61,305
40,1,40
61,17,1037
14,515,7210
17,15,255
4,18,72
1654,949,1569646
18,78,1404
6,4654,27924
26,51,1326
55,24,1320
78,47,3666
51,4,204
8,561,4488
84,49,4116
51515,14,721210
7,1,7
8,73,584
65,52,3380
42,15,630
10,42,420
70,37,2590
30,32,960
654,12,7848
35,57,1995
86,11,946
40,54,2160
81,91,7371
4,82,328
42,6,252
3,59,177
96,82,7872
12,67,804
45,51,2295
29,64,1856
25,60,1500
8948,89,796372
69,71,4899
72,66,4752
76,14,1064
72,100,7200
2,4964,9928
4984,564,8d
65,77,5005
41,28,1148
88,57,5016
500,464,232000
29,2,58
65,78,5070
62,13,806
54,48,2592
32,2,64
21,5464,114744
14,4154,58156
18,10,180
47,23,1081
45,95,4275
89,47,4183
414,18,7452
33,97,3201
73,48,3504
98,57,5586
15,19,285
52,77,4004
949,12,11388
67,70,4690
87,42,3654
485,28,13580
2,21,42
4894,12,58728
16,19,304
72,96,6912
16,65,1040
73,71,5183
77,70,5390
65,62,4030
53,46,2438
14,212,2968
55,9,495
12,12,144
16,18,288
86,47,4042
84,36,3024
0,83,0
49,64,3136
54,5,270
25,984,24600
26,78,2028
40,34,1360
25,24,600
42,17,714
37,24,888
94,78,7332
42,425,17850
4,65,260
14,95,1330
16,61,976
0,141,0
72,31,2232
73,18,1314
57,82,4674
54,84,4536
18,59,1062
52,48,2496
63,25,1575
165,24,3960
2,22,44
41,72,2952
55,27,1485
12,12,144
34,63,2142
23,93,2139
30,46,1380
15,18,270
51,59,3009
72,29,2088
4,5,20
23,13,299
42,84,3528
12,24,288
89,85,7565
68,81,5508
29,9,261
8,87,696
23,16,368
15,8,120
83,48,3984
33,31,1023
70,77,5390
4,,0
19,9,171
1,93,93
77,10,770
75,55,4125
14,79,1106
65,29,1885
15,94,1410
14,12,168
15,40,600
92,100,9200
69,7,483
70,30,2100
3,62,186
96,69,6624
8,42,336
18,23,414
69,56,3864
36,65,2340
949,25,23725
91,82,7462
51,10,510
46858,25,1171450
41,64,2624
23,35,805
90,10,900
49,30,1470
29,24,696
94,40,3760
37,53,1961
83,93,7719
27,21,567
489,15,7335
66,22,1452
4654,89,414206
23,73,1679
99,76,7524
74,67,4958
1,49,49
5,79,395
4865,97494,474308310
79,4,316
29,70,2030
6,9,54
30,57,1710
95,77,7315
99,71,7029
87,97,8439
3,29,87
93,2,186
36,38,1368
14,48,672
50,67,3350
99,15,1485
42,62,2604
90,20,1800
59,7,413
95,90,8550
651,14,9114
60,32,1920
45,10,450
36,13,468
3,6,18
96841,61,5907301
5,20,100
46,65,2990
23,151,3473
55,65,3575
9,53,477
40,63,2520
29,7,203
5,616,3080
70,62,4340
55,81,4455
74,80,5920
39,16,624
34,56,1904
53,33,1749
2,52,104
75,4,300
49,12,588
12,94,1128
-4865,8789,-42758485
51,39,1989
28,39,1092
16,55,880
53,21,1113
99,20,1980
32,897,28704
9849,2,19698
84,97,8148
89,65,5785
19,67,1273
-21,-4984,104664
57,19,1083
72,76,5472
54,29,1566
65,22,1430
26,43,1118
19,52,988
56,68,3808
33,92,3036
3,90,270
93,39,3627
46,29,1334
84,4,336
28,6,168
28,75,2100
91,45,4095
30,76,2280
32,78,2496
64,91,5824
17,92,1564
85,13,1105
57,95,5415
63,45,2835
8489,24,203736
100,42,4200
5,52,260
498,3,1494
32,7,224
99,86,8514
32,41,1312
55,84,4620
81,8,648
39,11,429
8519684,84,715653456
88,71,6248
10,19,190
96,23,2208
21,230,4830
55,38,2090
54,79,4266
75,31,2325
57,3,171
1,91,91
14,17,238
19,65,1235
9681,12,116172
38,44,1672
5,121,605
2,6556,13112
30,97,2910
68,82,5576
18,6,108
97,83,8051
25,64,1600
74,6,444
84,18,1512
25,76,1900
50,57,2850
85,70,5950
68,85,5780
52,5,260
78,67,5226
72,67,4824
86,38,3268
89,91,8099
75,9,675
,2,0
40,64,2560
8667,91589,793801863
44,99,4356
96,100,9600
86,91,7826
-195616,-3,586848
83,68,5644
66,50,3300
4,0,0
25,24,600
24,465,11160
51,489,24939
84,77,6468
89,58,5162
30,45,1350
50,25,1250
53,73,3869
2,88,176
2,52,104
37,34,1258
73,24,1752
17,18,306
83,99,8217
57,66,3762
-10,-48584,485840
30,564,16920
98,889,416e
19,18,342
33,76,2508
46,156,7176
10,42,420
75,83,6225
13,78,1014
93,43,3999
5,9498,47490
10,4949,49490
31,46,1426
4,798,3192
8489,4964,42139396
24,1,24
37,79,2923
864,41,35424
14,4984,69776
70,4,280
44,93,4092
45,55,2475
14,57,798
15,68,1020
798,25,19950
71,23,1633
28,34,952
71,14,994
24,81,1944
2,5,10
8,4,32
61,13,793
13,4,52
7498,494,3704012
31,37,1147
16,24,384
15,4798,71970
34,57,1938
78,22,1716
86,52,4472
4,56161,224644
43,26,1118
16,65,1040
84,849,71316
5,41,205
230,4,920
84,78,6552
78,36,2808
24,24,576
5,2,10
35,13,455
13,40,520
69,97,6693
33,51,1683
53,34,1802
1,851,851
8519684,891,7591038444
97,8,776
74,48,3552
44,6,264
37,85,3145
59,42,2478
98,40,3920
47,40,1880
98,37,3626
17,2,34
95,23,2185
24,24,576
100,89,8900
51,46,2346
93,40,3720
47,67,3149
789,12,9468
26,62,1612
2,44,88
33,22,726
52,51,2652
82,36,2952
9494,5,47470
23,70,1610
24,61,1464
37,93,3441
89,-89,-7921
31,26,806
2,92,184
4984,4894,24391696
85,26,2210
40,14,560
12,24,408b
67,39,2613
24,96,2304
56,95,5320
51,77,3927
61,98,5978
21,65,1365
55,42,2310
69,91,6279
86,60,5160
44553,789,35152317
25,82,2050
48,46,2208
58,16,928
20,30,600
50,50,2500
15,66,990
61,32,1952
65,31,2015
91,77,7007
22,92,2024
8591,3,25773
61,45,2745
25,3,75
53,31,1643
43,61,2623
1,545,545
65,2,130
90,78,7020
37,2,74
7,30,210
2,5,10
320,85,27200
21,7,147
23,3,69
35,67,2345
20,87,1740
30,864684,25940520
76,44,3344
88,32,2816
93,67,6231
61,41,2501
14,49,686
72,83,5976
42,87,3654
4,797,3188
79,16,1264
9,851,7659
32,100,3200
90,81,7290
73,82,5986
6,24,144
49,78,3822
76,48,3648
23,18,414
5419,17,92123
46,68,3128
1,115,115
84825,1,84825
41,47,1927
33,44,1452
81,64,5184
14,42,588
1,42,42
65,66,4290
87,7,609
99,21,2079
53,47,2491
74,76,5624
4798,2315,11107370
99,24,2376
16,90,1440
641,512,328192a
62,64,3968
36,31,1116
36,93,3348
59,75,4425
94,46,4324
34,14,476
20,3,60
88,52,4576
41,83,3403
42,32,1344
8,29,232
22,90,1980
94,56,5264
856,-4894,-4189264
64,10,640
4,97,388
48,31,1488
13,74,962
59,79,4661
58,41,2378
9,20,180
97,92,8924
9,8,72
485,28,13580
5,484,2420
83,36,2988
61,97,5917
63,10,630
4,72,288
49,5465,267785
50,10,500
33,90,2970
60,18,1080
77,81,6237
48,48,2304
7,41,287
45,22,990
-5648,-4865,27477520
76,93,7068
4,9,36
26,71,1846
12,12,144
40,98,3920
57,35,1995
97,40,3880
26,13,338
58,25,1450
21,79,1659
14,91,1274
66,90,5940
489,21,10269
51,73,3723
22,22,484
10,14,140
34,34,1156
-46846,20,-936920
42,425,17850
7,20,140
68,71,4828
62,37,2294
56,16,896
86,83,7138
23,165,3795
53,83,4399
91,12,1092
10,32,320
37,77,2849
16,46,736
9,11,99
20,25,500
12,76,912
57,69,3933
25,24,600
132,42,5544
13,98,1274
984,24,23616
100,49,4900
37,76,2812
71,3,213
9,-5,-45
41,12,492
85,62,5270
4,24,96
4894,2,9788
96,87,8352
93,38,3534
80,28,2240
44,9,396
15,98,1470
561,44,24684
16,59,944
52,55,2860
17,14,238
12,894894,10738728
57,49,2793
17,2,34
26,99,2574
28,31,868
87,70,6090
15,18,270
2,57,114
84,42,3528
100,57,5700
97,93,9021
23,3,69
31,33,1023
39,50,1950
29,57,1653
19,72,1368
51,74,3774
10,39,390
89,515,45835
48,28,1344
546561,2,1093122
100,65,6500
61,12,732
82,94,7708
42,51,2142
1,98789,98789
80,57,4560
44,77,3388
0,83,0
68,28,1904
44,30,1320
18,2,36
79,43,3397
51,95,4845
38,48,1824
46,34,1564
5,2,10
93,49,4557
3578,1,1a
49,89,4361
36,489,17604
945,165,155925
17,51,867
65,13,845
50,6,300
18,21,378
21,25,525
51,8,408
88,83,7304
9,38,342
17,1,17
16,4,64
#,8,#VALUE!
83,27,2241
2,22,44
52,62,3224
96,96,9216
94,498,46812
4,16,64
97,1,97
84,37,3108
72,91,6552
83,57,4731
2,-85498,-170996
47,80,3760
321,894,286974
44,74,3256
37,6,222
70,88,6160
67,61,4087
56,85,4760
53,39,2067
15,93,1395
33,94,3102
63,15,945
-195616,-3,586848
25,18,450
6,36,216
43,73,3139
98,12,1176
49,71,3479
35,15,525
84,15,1260
25,1,25
93,82,7626
88,54,4752
1,88,88
90,26,2340
52,43,2236
32,65,2080
2,78,156
27,64,1728
69,19,1311
48,92,4416
87,654,56898
39,97,3783
98,21,2058
84,74,6216
26,73,1898
85,41,3485
4984,2,9968
18,82,1476
51,56,2856
49849,25,1246225
71,87,6177
79,69,5451
14,33,462
92,76,6992
73,66,4818
18,15,270
44,83,3652
20,41,820
85,9,765
69,64,4416
56,9,504
97,89,8633
15,60,900
83,67,5561
76,63,4788
90,77,6930
4,414,1656
70,69,4830
71,85,6035
74,42,3108
45,12,540
5646,798798,4510013508
21,14,294
88,75,6600
94,83,7802
95,14,1330
14,5,70
88,34,2992
68,26,1768
99,18,1782
42,8,336
75,6,450
59,14,826
57,52,2964
15,61,915
2,856,1712
56,77,4312
62,48,2976
79,96,7584
98,95,9310
16,949,15184
54,83,4482
86,95,8170
11,83,913
84,2,168
3,41,123
98,30,2940
19,60,1140
40,5,200
16,69,1104
2,40,80
9,24,216
5465,489,2672385
34,21,714
50,36,1800
3825,484,1851300
57,64,3648
5,24,120
43,76,3268
18,57,1026
42,64,2688
28,55,1540
53,68,3604
43,71,3053
4654,16,74464
74,96,7104
1651,2,3302
95,48,4560
94,59,5546
63,80,5040
92,86,7912
53,89,4717
58,29,1682
44,46,2024
321,156,50076
15,9,135
86,81,6966
92,11,1012
98,73,7154
94,71,6674
46,20,920
52,19,988
84,21,1764
71,38,2698
68,27,1836
64,94,6016
14,100,1400
42,83,3486
-46846,0,0
63,18,1134
28,61,1708
2,46,92
98,98,9604
651,8,5208
25,321,8025
12894,-2561,-33021534
23,48,1104
83,20,1660
7,897,6279
-151,6489,-979839
6,96,576
98,15,1470
81,79,6399
1,74,74
96,81,7776
81,49,3969
864,654,565056
10,72,720
4,651,2604
81,55,4455
23,55,1265
121,24,2904
11,87,957
28,564,15792
89,56,4984
71,7,497
15,78,1170
95,76,7220
42,56,2352
97,10,970
56,69,3864
4984,14,69776
41,3,123
90,17,1530
12,23,276
12,21,252
49,47,2303
1515,17,25755
9168,49,449232
57,55,3135
83,97,8051
46,87,4002
67,77,5159
84,26,2184
93,65,6045
18,27,486
8,32,256
87,9,783
4848,4894,23726112
101,55,5555
30,60,1800
71,77,5467
16,26,416e
77,41,3157
86,26,2236
77,20,1540
43,15,645
40,12,480
6,56,336
4,4,16
62,39,2418
13,32,416
46,13,598
36,25,900
53,50,2650
54,353,19062
46,79,3634
41,35,1435
48,18,864
44,34,1496
58,21,1218
69,54,3726
81,76,6156
82,6,492
25,68,1700
65,81,5265
41685,14,583590
44,24,1056
49,89,4361
61,8,488
68,63,4284
66,6,396
132,24,3168
49,92,4508
161,45,7245
32,49,1568
10,489,4890
37,63,2331
516,8,4128
8,54,432
28,86,2408
42,20,840
21,10,210
24,451,10824
41,63,2583
85,24,2040
651,32,20832
99,22,2178
96,11,1056
10,85,850
48,67,3216
50,49,2450
12,81,972
174,896,155904
6,2,12
5465,156,852540
12,24,288
47,5,235
81,63,5103
80,99,7920
42,61,2562
14,84,1176
15,69,1035
20,84,1680
75,56,4200
71,22,1562
8,28,224
95,66,6270
87,63,5481
44,98,4312
74,26,1924
70,31,2170
98,67,6566
16,33,528
15,14,210
24,27,648
67,38,2546
33,82,2706
17,15,255
18,66,1188
97,79,7663
89,62,5518
9,848,7632
25,1,25
8,95,760
4,92,368
47,81,3807
9498,21,199458
14,24,336
11,66,726
86,59,5074
91,29,2639
1,851,851
3587,55,197285
1,14,14
88,27,2376
27,80,2160
515,4,2060
70,33,2310
98,59,5782
33,71,2343
75,68,5100
31,40,1240
93,56,5208
174,98,17052
84,72,6048
52,15,780
65,44,2860
77,54,4158
985,894,880590
15,848,12720
63,62,3906
59,81,4779
10,26,260
19,83,1577
14,101,1414
93,84,7812
18,,0
91,71,6461
99,25,2475
1,4,4
33,99,3267
59,2,118
43,92,3956
61,7,427
22,51,1122
70,44,3080
54,19,1026
7,42,294
11,94,1034
88,29,2552
58,68,3944
88,15,1320
9,98,882
73,77,5621
18,21,378
15,4798,71970
38,25,950
27,27,729
89,61,5429
12,30,360
12,8549,102588
17,25,425
18,39,702
49,80,3920
489,0,0
53,20,1060
86,71,6106
23,90,2070
9848,98,965104
3123,1,3123
83,35,2905
548,949,520052
19,68,1292
985,4984,4909240
61,78,4758
90,45,4050
62,3,186
-516,74,-38184
62,7,434
546561,98,53562978
31,84,2604
35,11,385
92,5,460
3,55,165
494,8,3952
83,16,1328
61,58,3538
1651,2,3302
32,561,17952
40,66,2640
39,4,156
9459,654,6186186
96,27,2592
63,91,5733
70,53,3710
80,24,1920
21,6,126
95,40,3800
6516,14,91224
15,494,7410
76,61,4636
78,96,7488
9,58,522
94,41,3854
20,55,1100
25,14,350
35,90,3150
5,68,340
72,63,4536
7,46,322
24,62,1488
62,72,4464
14,15,210
61,24,1464
44,19,836
2,114,228
98,60,5880
94,68,6392
51,29,1479
49,28,1372
25,5,125
9,,0
11,69,759
72,1,72
91,98,8918
10,24,240
#,12,#VALUE!
19,66,1254
92,45,4140
62,86,5332
37,49,1813
10,30,300
981,14,13734
8654,12,103848
70,49,3430
22,63,1386
25,20,500
94,32,3008
47,52,2444
51,849,6870a
70,91,6370
42,27,1134
489,2,978
45,48,2160
80,3,240
85,46,3910
18,3,54
16,82,1312
51,68,3468
9,91,819
50,65,3250
84,96,8064
67,65,4355
62,35,2170
86,58,4988
64,88,5632
564,24,13536
49,818,40082
72,2,144
76,35,2660
35,56,1960
32,14,448
23,89,2047
3,56,168
8,19,152
1651,7,11557
38,68,2584
51,5,255
53,41,2173
78,59,4602
78,5,390
94,87,8178
32,61,1952
985,89,87665
38,82,3116
53,17,901
8,44,352
95,86,8170
71,10,710
17,30,510
28,95,2660
93,90,8370
30,69,2070
85,73,6205
68,42,2856
40,33,1320
72,37,2664
0,7,0
89,4,356
68,15,1020
6,32,192
31,93,2883
83,32,2656
16,57,912
100,68,6800
2,79,158
21,51,1071
61,12,732
93,1,93
12,13,156
17,32,544
58,4,232
16,68,1088
984,121,119064
98,97,9506
41,76,3116
38,55,2090
38,16,608
27,34,918
15,56,840
856,0,0
94,86,8084
8,7,56
71,89,6319
82,95,7790
265,4561,1208665
54,73,3942
27,494,13338
72,49,3528
13,2,26
44,79,3476
49849,24,1196376
37,89,3293
14,25,350
14,8,112
874,94949,82985426
2,29,58
16,83,1328
21,156,3276
15,10,150
22,95,2090
2,4,8
14,12,168
59,20,1180
79,90,7110
7,8,56
94,84,7896
34,39,1326
76,84,6384
3,89,267
43,79,3397
84,1,84
84,9,756
1251,3,3753
61,80,4880
25,12,300
71,11,781
73,78,5694
10,29,290
-45864,41,-1880424
13,25,325
35,28,980
68,55,3740
12,48,576
88,9,792
69,44,3036
984,12,11808
4,19,76
81,20,1620
80,10,800
87,59,5133
24,48,1152
5,25,125
24,24,576
42,15,630
50,5,250
79,45,3555
29,22,638
7,15,105
43,69,2967
9,60,540
89,67,5963
61,81,4941
48,99,4752
14,17,238
61,79,4819
15,46,690
11,80,880
12,64,768
48,71,3408
98,62,6076
4894,2,9788
45,58,2610
30,31,930
13,35,455
185,1,185
96,55,5280
485,28,13580
50,42,2100
78,95,7410
37,83,3071
47,84,3948
97,64,6208
21,89,1869
45,65,2925
11,20,220
81,58,4698
71,96,6816
39,14,546
77,74,5698
22,81,1782
44,58,2552
100,10,1000
85,90,7650
48,76,3648
18,26,468
41,31,1271
4,181,724
31,16,496
46,19,874
76,51,3876
16,12,192
16,2,32
42,36,1512
92,38,3496
70,51,3570
65,94,6110
8656,84,727104
95,74,7030
54,13,702
24,10,240
984,2,1968
3,1,3c
56,60,3360
100,75,7500
8,92,736
14,212,2968
99,36,3564
21,70,1470
100,1,100
4,94,376
34,2,68
54,25,1350
50,85,4250
6,98,588
72,39,2808
465,#,#VALUE!
48484,156,7563504
58,35,2030
22,1561,34342
23,78,1794
56,29,1624
91,27,2457
-8417,1564,-13164188
,2,0
15,33,495
7,85,595
47,25,1175
59,53,3127
25,498,12450
56,57,3192
91,73,6643
77,63,4851
90,27,2430
70,66,4620
3,21,63
48,27,1296
26,5,130
52,27,1404
73,70,5110
26,33,858
68,39,2652
10,54,540
514,7,3598
49,54,2646
38,62,2356
18,4,72
21,69,1449
68,16,1088
984,25,24600
54,15,810
23,24,552
54,3,162
79,6,474
35,30,1050
76,45,3420
8,39,312
56,46,2576
43,23,989
36,16,576
18,93,1674
90,19,1710
32,70,2240
47,11,517
21,94,1974
9,4,36
73,38,2774
29,1,29
24,987,23688
30,42,1260
64,64,4096
-17,-894,15198
72,8,576
25,15,375
2,1,2
615,15,9225
75,30,2250
44,67,2948
20,24,480
100,0,0
64,16,1024
63,4,252
79,60,4740
20,51,1020
54,82,4428
43,31,1333
6,45,270
69,28,1932
94,88,8272
14,96,1344
55,35,1925
69,86,5934
10,4949,49490
5,21651,108255
88,35,3080
38,8,304
48,52,2496
35,39,1365
85,39,3315
50,90,4500
24,26,624
75,94,7050
564,101,56964
78,65,5070
27,74,1998
95,95,9025
949,798,757302
43,87,3741
12,12,144
23,19,437
40,26,1040
58,82,4756
17,21,357
84,62,5208
76,9,684
64,100,6400
44,60,2640
58,3,174
15,27,405
,5465,0
61,57,3477
8,15,120
25,35,875
38,92,3496
92,93,8556
38,2,76
13,13,169
56,79,4424
93,8,744
5,46,230
47,9,423
41,320,13120
83,91,7553
10,29,290
17,71,1207
64,29,1856
59,9,531
20,46,920
63,3,189
21,30,630
1,68,68
61,87,5307
8,64,512
78,2,156
44,47,2068
96,1,96
48,58,2784
44,7,308
897,29,26013
77,59,4543
44,55,2420
11,28,308
40,29,1160
98,52,5096
3,87,261
13,80,1040
17,1515,25755
70,17,1190
30,78,2340
94,94,8836
2,9,18
13,68,884
10,99,990
5,16,80
91,4,364
546561,2,1093122
19,789,14991
15,57,855
93,74,6882
94,58,5452
83,43,3569
66,40,2640
96,16,1536
63,97,6111
21,86,1806
38,65,2470
16,40,640
19,62,1178
59,54,3186
32,82,2624
12,32,384
24,29,696
42,69,2898
8,163,1304
30,77,2310
3,41,123
86,69,5934
56,31,1736
#,12,#VALUE!
97,52,5044
3,9,27
79,1,79
83,49,4067
62,29,1798
48,1,48
63,34,2142
28,7,196
73,6,438
897,51,45747
97,14,1358
60,99,5940
24,76,1824
454,15,6810
38,17,646
58,39,2262
22,57,1254
13,8,104
25,4,100
54,41,2214
21,16,336
8494,498,4230012
19,86,1634
22,40,880
49,23,1127
498,61,30378
97,62,6014
82,14,1148
77,28,2156
46,54,2484
82,33,2706
5615,8,44920
61,4,244
22,24,528
48,20,960
62,59,3658
20,12,240
86,96,8256
96,37,3552
49,15,735
76,31,2356
489,949,464061
88,33,2904
3,51,153
16,949,15184
24,43,1032
47,46,2162
71,55,3905
19,9494,180386
52,58,3016
54,57,3078
641,512,328192a
2,95,190
1516,25,37900
48,36,1728
48,40,1920
98,9,882
16,949,15184
78,64,4992
6,41,246
57,47,2679
48,41,1968
97,29,2813
12,15,180
22,88,1936
15,8,120
8498,9498,80714004
27,10,270
52,95,4940
4,15,60
81,2,162
95,27,2565
80,88,7040
88,79,6952
12,-5616,-67392
28,798,22344
54,98,5292
56,51,2856
58,28,1624
4,18,72
28,81,2268
44,94,4136
100,25,2500
50,33,1650
51,22,1122
24,51,1224
89,76,6764
14,77,1078
33,7,231
20,97,1940
33,67,2211
79,8,632
7,1,7
69,69,4761
68,99,6732
82,77,6314
74,59,4366
54,9,486
5,84,420
516,489,252324
1,48,48
89,24,2136
85,42,3570
23,100,2300
9,84,756
,21,0
17,949,16133
25,75,1875
1000,4,4000
93,41,3813
22,76,1672
71,49,3479
22,62,1364
10,11,110
8,96,768
99,60,5940
32,36,1152
10,35,350
252,1401,353052
12,91,1092
33,57,1881
25,854,21350
96,92,8832
22,1,22
17,99,1683
13,31,403
4,56,224
31,65,2015
81,89,7209
67,89,5963
78,94,7332
80,8,640
21,35,735
56,34,1904
76,10,760
48,32,1536
70,32,2240
59,67,3953
9848,26,256048
32,48,1536
19,70,1330
4,2,8
156,64894,10123464
31,45,1395
93,30,2790
11,81,891
19,50,950
26,11,286
17,2,34
63,77,4851
31,82,2542
52,96,4992
53,43,2279
4,9,36
2,96,192
24,56,1344
55,40,2200
74,55,4070
49,22,1078
224,65456,14662144
20,70,1400
5,14,70
49,49,2401
74,32,2368
47,55,2585
56,87,4872
45,789,35505
23,1651,37973
56,90,5040
87,1,87
64,27,1728
656151,24,15747624
11,3,33
21,8,168
4,1,4
1,8,8
46,31,1426
49,24,1176
50,40,2000
78,29,2262
95,1,95
5,49874,249370
65,70,4550
25,100,2500
52,14,728
50,86,4300
12,85,1020
10,3,30
90,41,3690
10,96,960
4,12,48
42,10,420
85,78,6630
29,96,2784
16,148494,2375904
21,95,1995
64,53,3392
100,34,3400
59,44,2596
25,46,1150
73,8,584
654,4848,3170592
11,16,176
39,15,585
3,9494,28482
4894,12,58728
13,87,1131
494,894,441636
55,-5616,-308880
68,2,136
5616,14,78624
86,77,6622
12,61,732
54,96,5184
67,84,5628
2,76,152
74,93,6882
8,93,744
-10,798,-7980
73,32,2336
4,59,236
70,90,6300
59,95,5605
-5648,987,-5574576
48,5,240
78,61,4758
98,8489,0c
4,50,200
15,32,480
71,61,4331
25,39,975
28,17,476
1,10,10
92,54,4968
7,58,406
9,81,729
91,4,364
72,93,6696
46,8,368
3,97,291
84,11,924
86,100,8600
56,94,5264
4984,6584,32814656
0,51,0
7,74,518
35,77,2695
5,91,455
57,18,1026
4,12,48
17,24,408
14,24,336
20,23,460
12,949,11388
90,61,5490
851616,45,38322720
52,93,4836
36,62,2232
16,15,240
22,48,1056
7,16,112
85,4,340
6,451,2706
63,22,1386
98,19,1862
91,53,4823
57,78,4446
31,75,2325
3,66,198
15,21,315
99,69,6831
44,91,4004
15,25,375
33,42,1386
69,14,966
89,7,623
62,16,992
97,30,2910
38,36,1368
77,91,7007
97,61,5917
25,88,2200
9,61,549
17,12,204
23,28,644
55,100,5500
99,68,6732
33,48,1584
75,-1,-75
50,91,4550
29,72,2088
12,69,828
18,58,1044
87,92,8004
42,97,4074
47,79,3713
73,37,2701
92,34,3128
61,51,3111
63,66,4158
12,36,432
6,25,150
71,16,1136
99,73,7227
498,52,25896
29,52,1508
27,61,1647
6,16,96
75,63,4725
1,31,31
16,949,15184
41,50,2050
11,25,275
3,8754,26262
-8445,19,-160455
70,15,1050
42,66,2772
97,63,6111
4,15,60
96,86,8256
37,4,148
78,89,6942
43,99,4257
84,14,1176
465,24,11160
76,18,1368
2,51,102
97,68,6596
3,42,126
13,38,494
60,22,1320
63,75,4725
2,17,34
8,67,536
30,564,16920
37,84,3108
82,93,7626
92,74,6808
95,50,4750
26,80,2080
19,28,532
16,70,1120
11,22,242
29,44,1276
35,66,2310
68,35,2380
-843,-8417,7095531
40,20,800
5,94,470
35,70,2450
61,414,25254
12,73,876
52,39,2028
23,15,345
29,31,899
12,24,408b
34,1,34
57,68,3876
85,37,3145
10,80,800
19,54,1026
64,85,5440
34,82,2788
48,6,288
65,54,3510
22,21,462
9,1,9
34,3,102
14,70,980
50,7,350
21,18,378
78,6,468
5,6535,32675
24,40,960
484,21,10164
22,56,1232
27,71,1917
22,47,1034
-516,74,-38184
3,60,180
25,95,2375
15,4,60
1212,6556,7945872
4,9789,100a
58,48,2784
49,32,1568
58,87,5046
-5648,-4865,27477520
87,99,8613
22,82,1804
39,99,3861
13,36,468
20,51,1020
23,36,828
949,212,201188
7,28,196
0,231,0
53,14,742
47,59,2773
512,19,9728
24,10,240
6,18,108
62,60,3720
52,82,4264
89,25,2225
851616,6541,5570420256
23,37,851
44,89,3916
494,4984,2462096
88,50,4400
24,92,2208
4,40,160
96,18,1728
65,95,6175
41,40,1640
80,92,7360
20,71,1420
28,99,2772
85,52,4420
51,20,1020
58,56,3248
500,456,228000
51,35,1785
3,40,120
87,5,435
9494,2,18988
42,30,1260
19,16,304
17,95,1615
85,67,5695
53,28,1484
26,79,2054
39,77,3003
53,85,4505
32,789,25248
76,78,5928
1,94,94
2,16,32
69,11,759
66,92,6072
16,596459,9543344
494,25,12350
81,30,2430
4,7,28
49,12,588
9,23,207
353,89,31417
46,70,3220
84,90,7560
49,40,1960
19,36,684
39,96,3744
77,13,1001
948,49,46452
33,37,1221
15,84,1260
22,91,2002
62,43,2666
44,71,3124
78,83,6474
9,789,120a
76,26,1976
15,31,465
69,26,1794
89,88,7832
21,214,4494
18,15,270
6165,53,326745
95,92,8740
37,19,703
65,86,5590
8,24,192
28,24,672
30,16,480
41,79,3239
17,0,0
26,64,1664
37,28,1036
14,872242,12211388
28,94,2632
14,27,378
95,44,4180
33,36,1188
41,22,902
65,8,520
531,1515,804465
74,9,666
154,798,122892
24,60,1440
68,46,3128
2,10,20
23,26,598
26,41,1066
75,23,1725
58,61,3538
21,29,609
4165,2,8330
23,24,552
984,7,6888
29,20,580
23,231,5313
11,40,440
63,43,2709
95,73,6935
71,66,4686
93,86,7998
14,64,896
70,92,6440
11,89,979
797,21,16737
1641,12,19692
6546,4848,31735008
25,26,650
25,984,24600
6,91,546
96,36,3456
28,32,896
79,55,4345
5,1654,20b
93,20,1860
83,78,6474
80,18,1440
65165,24,1563960
74,49,3626
55,59,3245
59,34,2006
15,23,345
651,949,617799
8,5,40
94,36,3384
1,17,17
70,40,2800
66,72,4752
20,80,1600
56,98,5488
4,77,308
31,59,1829
798,4,3192
80,50,4000
36,47,1692
651,4511,2936661
71,82,5822
85,35,2975
21,59,1239
73,56,4088
2032,84,170688
80,37,2960
38,37,1406
49,27,1323
1,62,62
12,68,816
21,63,1323
17,27,459
24,75,1800
53,84,4452
95,36,3420
59,97,5723
99,53,5247
60,58,3480
52,12,624
57,98,5586
7878,20,157560
65,56,3640
67,10,670
74,7,518
61,60,3660
82,31,2542
2,68,136
894,54,48276
19,949,18031
70,18,1260
6,82,492
25,16,400
97,75,7275
5,56,280
16,85,1360
2,3543,7086
7,15654,109578
494,4984,2462096
165,272,44880
62,46,2852
2,97,194
99,28,2772
24,18,432
51,99,5049
22,32,704
30,44,1320
31,72,2232
82,45,3690
84,13,1092
48,93,4464
37,98,3626
34,62,2108
81,98,7938
5424,1,5424
61,99,6039
38,85,3230
34,18,612
67,40,2680
-8445,19,-160455
651,17,11067
2,-85498,-170996
8,561,4488
15,34,510
21,49,1029
16,165,2640
28,12,336
23,24,552
46,40,1840
12,34,408
91,22,2002
4897,26,416e
49,44,2156
80,94,7520
100,80,8000
64,45,2880
22,12,264
0,-5646546,0
498,14,6972
93,34,3162
36,8,288
3,69,207
4594,789,3624666
89,33,2937
651,17,11067
8,38,304
22,61,1342
74,8,592
37,11,407
7,3,21c
24,58,1392
32,97,3104
63,55,3465
74,89,6586
849,89,75561
2,4897,9794
987,-5616,-5542992
98,14,1372
20,50,1000
3,89,267
38,31,1178
35,4,140
49,72,3528
42,7,294
6,20,120
68,51,3468
14,515,7210
17,84,1428
7,26,182
26,39,1014
53,59,3127
16,74,1184
4,56161,224644
71,74,5254
89,4,356
85,17,1445
63,67,4221
86,6,516
62,45,2790
46,81,3726
59,29,1711
489,489,239121
2,1515,3030
79,95,7505
44,23,1012
12,53,636
90,64,5760
11,44,484
91,11,1001
34,11,374
98,83,8134
1,1,1
96,57,5472
88,31,2728
39,32,1248
1,64,64
19,14,266
